0
0.00750435
0.0150867
0.0227485
0.0304911
0.0383162
0.0462251
0.0542195
0.062301
0.0704713
0.0787321
0.0870851
0.0955323
0.104075
0.112716
0.121457
0.1303
0.139247
0.148301
0.157463
0.166736
0.176122
0.185624
0.195244
0.204986
0.214851
0.224843
0.234965
0.245219
0.25561
0.266139
0.27681
0.287628
0.298595
0.309716
0.320994
0.332433
0.344038
0.355812
0.367761
0.37989
0.392202
0.404703
0.417398
0.430294
0.443395
0.456708
0.470238
0.483993
0.497978
0.512202
0.526671
0.541393
0.556377
0.57163
0.587161
0.602979
0.619095
0.635518
0.652258
0.669327
0.686737
0.704499
0.722626
0.741133
0.760032
0.779339
0.79907
0.819241
0.83987
0.860975
0.882575
0.904692
0.927348
0.950564
0.974367
0.998781
1.02384
1.04956
1.07598
1.10314
1.13107
1.1598
1.18939
1.21987
1.25128
1.28369
1.31713
1.35168
1.3874
1.42434
1.46259
1.50223
1.54334
1.58601
1.63034
1.67646
1.72448
1.77453
1.82676
1.88134
1.93844
1.99826
2.06102
2.12698
2.19639
2.26959
2.3469
2.42873
2.51552
2.60778
2.70611
2.81117
2.92375
3.42375
3.92375
4.42375
4.92375
5.42375
5.92375
6.42375
6.92375
7.42375
7.92375
8.42375
8.92375
9.42375
9.92375
10.4237
10.9237
11.4237
11.9237
